1,2,3,4,5,6,7,8,9,10,11,12,13,14,15,16,17,18,19,20,21,22,23,24,25,26,27,28,29,30,31,32,33,34,35,36,37,38,39,40,41,42,43,44,45,46,47,48,49,50,51,52,53,54,55,56,57,58,59,60,61,62,63,64,65,66,67,68,69,70,71,72,73,74,75,76,77,78,79,80,81,82,83,84,85,86,87,88,89,90,91,92,93,94,95,96,97,98,99,100,101,102,103,104,105,106,107,108,109,110,111,112,113,114,115,116,117,118,119,120,121,122,123,124,125,126,127,128,129,130,131,132,133,134,135,136,137,138,139,140,141,142,143,144,145,146,147,148,149,150,151,152,153,154,155,156,157,158,159,160,161,162,163,164,165,166,167,168,169,170,171,172,173,174,175,176,177,178,179,180,181,182,183,184,185,186,187,188,189,190,191,192,193,194,195,196,197,198,199,200,201,202,203,204,205,206,207,208,209,210,211,212,213,214,215,216,217,218,219,220,221,222
"[4.000e+00 1.000e+00 4.000e+00 1.000e+06 1.000e+00 0.000e+00 1.000e+00
 1.000e+01 1.024e+03 1.000e+02 2.000e+00 2.900e+01]","[4.00e+00 1.00e+01 4.00e+00 1.00e+01 1.00e+00 0.00e+00 1.00e+03 1.00e+03
 5.12e+02 1.00e+04 2.00e+00 0.00e+00]","[2.000e+00 1.000e+00 4.000e+00 1.000e+01 1.000e+01 1.000e+00 1.000e+03
 1.000e+03 1.024e+03 1.000e+04 2.000e+00 0.000e+00]","[2.000e+00 1.000e+00 2.000e+00 1.000e+01 1.000e+00 1.000e+00 1.000e+00
 1.000e+01 1.024e+03 1.000e+02 2.000e+00 0.000e+00]","[4.00e+00 1.00e+00 4.00e+00 1.00e+06 1.00e+00 1.00e+00 1.00e+03 1.00e+01
 5.12e+02 1.00e+02 2.00e+00 0.00e+00]","[4.000e+00 1.000e+00 2.000e+00 1.000e+06 1.000e+01 1.000e+00 1.000e+00
 1.000e+01 1.024e+03 1.000e+02 5.000e+00 2.900e+01]",[  2.  10.   2.  10.  10.   0.   1.  10. 512. 100.   2.  29.],"[4.000e+00 1.000e+00 4.000e+00 1.000e+01 1.000e+01 1.000e+00 1.000e+03
 1.000e+01 1.024e+03 1.000e+02 5.000e+00 0.000e+00]",[  4.   1.   4.  10.   1.   1.   1.  10. 512. 100.   5.   0.],"[2.000e+00 1.000e+00 4.000e+00 1.000e+01 1.000e+01 0.000e+00 1.000e+00
 1.000e+01 1.024e+03 1.000e+02 5.000e+00 2.900e+01]","[2.000e+00 1.000e+00 2.000e+00 1.000e+06 1.000e+00 1.000e+00 1.000e+03
 1.000e+03 1.024e+03 1.000e+04 2.000e+00 0.000e+00]","[2.000e+00 1.000e+01 4.000e+00 1.000e+06 1.000e+00 1.000e+00 1.000e+03
 1.000e+03 1.024e+03 1.000e+04 2.000e+00 0.000e+00]","[2.000e+00 1.000e+00 4.000e+00 1.000e+01 1.000e+01 0.000e+00 1.000e+03
 1.000e+03 1.024e+03 1.000e+04 5.000e+00 2.900e+01]","[4.000e+00 1.000e+01 2.000e+00 1.000e+01 1.000e+01 1.000e+00 1.000e+00
 1.000e+03 1.024e+03 1.000e+04 2.000e+00 0.000e+00]","[4.000e+00 1.000e+00 4.000e+00 1.000e+01 1.000e+01 1.000e+00 1.000e+03
 1.000e+03 1.024e+03 1.000e+04 2.000e+00 0.000e+00]","[2.00e+00 1.00e+01 4.00e+00 1.00e+01 1.00e+01 1.00e+00 1.00e+03 1.00e+03
 5.12e+02 1.00e+04 2.00e+00 2.90e+01]","[2.00e+00 1.00e+00 4.00e+00 1.00e+01 1.00e+00 0.00e+00 1.00e+03 1.00e+03
 5.12e+02 1.00e+04 2.00e+00 0.00e+00]",[   2.    1.    2.   10.    1.    0. 1000.   10.  512.  100.    2.    0.],"[2.00e+00 1.00e+00 4.00e+00 1.00e+06 1.00e+00 0.00e+00 1.00e+03 1.00e+03
 5.12e+02 1.00e+04 2.00e+00 0.00e+00]","[2.00e+00 1.00e+00 4.00e+00 1.00e+01 1.00e+00 0.00e+00 1.00e+00 1.00e+03
 5.12e+02 1.00e+04 2.00e+00 0.00e+00]",[   2.    1.    4.   10.    1.    0. 1000.   10.  512.  100.    2.    0.],"[2.00e+00 1.00e+00 4.00e+00 1.00e+01 1.00e+00 0.00e+00 1.00e+03 1.00e+03
 5.12e+02 1.00e+04 2.00e+00 2.90e+01]","[2.000e+00 1.000e+00 4.000e+00 1.000e+01 1.000e+00 0.000e+00 1.000e+03
 1.000e+03 1.024e+03 1.000e+04 2.000e+00 2.900e+01]",[   2.    1.    4.   10.    1.    1. 1000.   10.  512.  100.    2.    0.],"[2.00e+00 1.00e+00 4.00e+00 1.00e+01 1.00e+00 0.00e+00 1.00e+03 1.00e+03
 5.12e+02 1.00e+04 5.00e+00 2.90e+01]","[2.000e+00 1.000e+00 4.000e+00 1.000e+01 1.000e+00 1.000e+00 1.000e+03
 1.000e+01 1.024e+03 1.000e+02 2.000e+00 0.000e+00]","[2.000e+00 1.000e+00 4.000e+00 1.000e+01 1.000e+00 1.000e+00 1.000e+03
 1.000e+03 1.024e+03 1.000e+04 2.000e+00 2.900e+01]","[4.00e+00 1.00e+00 4.00e+00 1.00e+01 1.00e+00 0.00e+00 1.00e+03 1.00e+03
 5.12e+02 1.00e+04 2.00e+00 0.00e+00]","[2.000e+00 1.000e+00 2.000e+00 1.000e+01 1.000e+00 1.000e+00 1.000e+03
 1.000e+01 1.024e+03 1.000e+02 2.000e+00 0.000e+00]","[2.000e+00 1.000e+01 4.000e+00 1.000e+01 1.000e+01 0.000e+00 1.000e+03
 1.000e+03 1.024e+03 1.000e+04 2.000e+00 2.900e+01]","[2.00e+00 1.00e+00 4.00e+00 1.00e+01 1.00e+00 0.00e+00 1.00e+03 1.00e+03
 5.12e+02 1.00e+04 2.00e+00 2.90e+01]",[   2.    1.    4.   10.    1.    1. 1000.   10.  512.  100.    2.   29.],"[2.000e+00 1.000e+01 4.000e+00 1.000e+01 1.000e+00 0.000e+00 1.000e+03
 1.000e+01 1.024e+03 1.000e+02 2.000e+00 2.900e+01]","[2.000e+00 1.000e+00 4.000e+00 1.000e+01 1.000e+00 1.000e+00 1.000e+03
 1.000e+03 1.024e+03 1.000e+04 2.000e+00 2.900e+01]","[2.000e+00 1.000e+00 4.000e+00 1.000e+01 1.000e+00 0.000e+00 1.000e+03
 1.000e+03 1.024e+03 1.000e+04 2.000e+00 0.000e+00]","[2.000e+00 1.000e+00 4.000e+00 1.000e+01 1.000e+01 0.000e+00 1.000e+03
 1.000e+01 1.024e+03 1.000e+02 2.000e+00 2.900e+01]","[2.00e+00 1.00e+01 4.00e+00 1.00e+01 1.00e+00 0.00e+00 1.00e+03 1.00e+03
 5.12e+02 1.00e+04 2.00e+00 0.00e+00]","[4.000e+00 1.000e+00 4.000e+00 1.000e+01 1.000e+00 1.000e+00 1.000e+03
 1.000e+01 1.024e+03 1.000e+02 2.000e+00 2.900e+01]","[2.000e+00 1.000e+00 4.000e+00 1.000e+01 1.000e+00 0.000e+00 1.000e+03
 1.000e+01 1.024e+03 1.000e+02 2.000e+00 2.900e+01]","[2.000e+00 1.000e+00 4.000e+00 1.000e+01 1.000e+00 0.000e+00 1.000e+03
 1.000e+01 1.024e+03 1.000e+02 2.000e+00 0.000e+00]",[   2.    1.    4.   10.    1.    0. 1000.   10.  512.  100.    2.   29.],"[2.000e+00 1.000e+01 2.000e+00 1.000e+01 1.000e+01 0.000e+00 1.000e+03
 1.000e+03 1.024e+03 1.000e+04 2.000e+00 0.000e+00]",[   2.    1.    4.   10.    1.    1. 1000.   10.  512.  100.    2.   29.],"[2.000e+00 1.000e+00 4.000e+00 1.000e+01 1.000e+01 0.000e+00 1.000e+03
 1.000e+03 1.024e+03 1.000e+04 2.000e+00 0.000e+00]","[2.00e+00 1.00e+00 2.00e+00 1.00e+01 1.00e+00 1.00e+00 1.00e+03 1.00e+03
 5.12e+02 1.00e+04 2.00e+00 2.90e+01]","[2.00e+00 1.00e+00 4.00e+00 1.00e+01 1.00e+00 1.00e+00 1.00e+03 1.00e+03
 5.12e+02 1.00e+04 2.00e+00 2.90e+01]","[2.00e+00 1.00e+01 4.00e+00 1.00e+01 1.00e+00 0.00e+00 1.00e+03 1.00e+03
 5.12e+02 1.00e+04 2.00e+00 2.90e+01]","[2.000e+00 1.000e+00 4.000e+00 1.000e+01 1.000e+00 1.000e+00 1.000e+03
 1.000e+01 1.024e+03 1.000e+02 5.000e+00 0.000e+00]","[2.000e+00 1.000e+00 4.000e+00 1.000e+01 1.000e+00 0.000e+00 1.000e+03
 1.000e+03 1.024e+03 1.000e+04 2.000e+00 2.900e+01]","[2.00e+00 1.00e+00 4.00e+00 1.00e+01 1.00e+00 0.00e+00 1.00e+03 1.00e+03
 5.12e+02 1.00e+04 2.00e+00 0.00e+00]","[4.00e+00 1.00e+00 2.00e+00 1.00e+01 1.00e+00 1.00e+00 1.00e+03 1.00e+03
 5.12e+02 1.00e+04 2.00e+00 0.00e+00]","[4.000e+00 1.000e+00 4.000e+00 1.000e+01 1.000e+01 0.000e+00 1.000e+03
 1.000e+01 1.024e+03 1.000e+02 2.000e+00 0.000e+00]","[2.000e+00 1.000e+00 4.000e+00 1.000e+01 1.000e+00 1.000e+00 1.000e+03
 1.000e+01 1.024e+03 1.000e+02 2.000e+00 2.900e+01]",[   4.    1.    4.   10.    1.    1. 1000.   10.  512.  100.    2.    0.],"[4.00e+00 1.00e+00 2.00e+00 1.00e+01 1.00e+00 0.00e+00 1.00e+03 1.00e+03
 5.12e+02 1.00e+04 2.00e+00 2.90e+01]","[2.00e+00 1.00e+00 4.00e+00 1.00e+01 1.00e+00 1.00e+00 1.00e+03 1.00e+03
 5.12e+02 1.00e+04 2.00e+00 2.90e+01]","[2.000e+00 1.000e+00 4.000e+00 1.000e+01 1.000e+00 0.000e+00 1.000e+03
 1.000e+01 1.024e+03 1.000e+02 2.000e+00 0.000e+00]","[2.000e+00 1.000e+00 2.000e+00 1.000e+01 1.000e+01 0.000e+00 1.000e+03
 1.000e+01 1.024e+03 1.000e+02 2.000e+00 0.000e+00]","[2.000e+00 1.000e+00 4.000e+00 1.000e+01 1.000e+00 0.000e+00 1.000e+03
 1.000e+03 1.024e+03 1.000e+04 2.000e+00 0.000e+00]",[   2.    1.    4.   10.    1.    1. 1000.   10.  512.  100.    2.    0.],[   2.    1.    4.   10.    1.    0. 1000.   10.  512.  100.    2.   29.],"[4.000e+00 1.000e+00 4.000e+00 1.000e+01 1.000e+00 1.000e+00 1.000e+03
 1.000e+03 1.024e+03 1.000e+04 2.000e+00 0.000e+00]","[2.000e+00 1.000e+00 4.000e+00 1.000e+01 1.000e+00 0.000e+00 1.000e+03
 1.000e+01 1.024e+03 1.000e+02 2.000e+00 2.900e+01]","[2.000e+00 1.000e+00 4.000e+00 1.000e+01 1.000e+00 1.000e+00 1.000e+03
 1.000e+01 1.024e+03 1.000e+02 2.000e+00 0.000e+00]","[2.000e+00 1.000e+00 4.000e+00 1.000e+01 1.000e+00 1.000e+00 1.000e+03
 1.000e+01 1.024e+03 1.000e+02 2.000e+00 2.900e+01]","[2.000e+00 1.000e+01 2.000e+00 1.000e+01 1.000e+00 0.000e+00 1.000e+03
 1.000e+03 1.024e+03 1.000e+04 2.000e+00 0.000e+00]",[   2.   10.    2.   10.   10.    1. 1000.   10.  512.  100.    2.    0.],"[4.000e+00 1.000e+00 4.000e+00 1.000e+01 1.000e+00 0.000e+00 1.000e+03
 1.000e+01 1.024e+03 1.000e+02 2.000e+00 0.000e+00]",[   2.    1.    4.   10.    1.    0. 1000.   10.  512.  100.    2.    0.],"[2.00e+00 1.00e+00 2.00e+00 1.00e+01 1.00e+01 1.00e+00 1.00e+03 1.00e+03
 5.12e+02 1.00e+04 2.00e+00 2.90e+01]","[4.00e+00 1.00e+01 4.00e+00 1.00e+01 1.00e+00 0.00e+00 1.00e+03 1.00e+03
 5.12e+02 1.00e+04 5.00e+00 0.00e+00]","[2.00e+00 1.00e+00 4.00e+00 1.00e+01 1.00e+00 1.00e+00 1.00e+03 1.00e+03
 5.12e+02 1.00e+04 2.00e+00 0.00e+00]","[2.000e+00 1.000e+00 4.000e+00 1.000e+01 1.000e+00 1.000e+00 1.000e+03
 1.000e+01 1.024e+03 1.000e+02 5.000e+00 0.000e+00]","[4.00e+00 1.00e+00 4.00e+00 1.00e+01 1.00e+01 0.00e+00 1.00e+03 1.00e+03
 5.12e+02 1.00e+04 2.00e+00 0.00e+00]","[2.000e+00 1.000e+00 2.000e+00 1.000e+01 1.000e+00 1.000e+00 1.000e+03
 1.000e+03 1.024e+03 1.000e+04 2.000e+00 2.900e+01]","[2.000e+00 1.000e+00 4.000e+00 1.000e+06 1.000e+00 0.000e+00 1.000e+03
 1.000e+03 1.024e+03 1.000e+04 2.000e+00 2.900e+01]","[2.000e+00 1.000e+00 4.000e+00 1.000e+01 1.000e+00 0.000e+00 1.000e+00
 1.000e+01 1.024e+03 1.000e+02 2.000e+00 2.900e+01]","[4.00e+00 1.00e+00 4.00e+00 1.00e+01 1.00e+00 0.00e+00 1.00e+03 1.00e+03
 5.12e+02 1.00e+04 2.00e+00 2.90e+01]",[   4.   10.    4.   10.    1.    1. 1000.   10.  512.  100.    2.   29.],"[2.000e+00 1.000e+00 4.000e+00 1.000e+01 1.000e+00 1.000e+00 1.000e+03
 1.000e+03 1.024e+03 1.000e+04 2.000e+00 0.000e+00]","[4.000e+00 1.000e+00 4.000e+00 1.000e+01 1.000e+00 1.000e+00 1.000e+03
 1.000e+01 1.024e+03 1.000e+02 2.000e+00 2.900e+01]","[2.00e+00 1.00e+01 4.00e+00 1.00e+01 1.00e+00 0.00e+00 1.00e+03 1.00e+03
 5.12e+02 1.00e+04 2.00e+00 2.90e+01]","[2.000e+00 1.000e+00 2.000e+00 1.000e+01 1.000e+00 1.000e+00 1.000e+03
 1.000e+03 1.024e+03 1.000e+04 2.000e+00 2.900e+01]","[2.000e+00 1.000e+01 2.000e+00 1.000e+01 1.000e+01 0.000e+00 1.000e+03
 1.000e+03 1.024e+03 1.000e+04 2.000e+00 2.900e+01]","[2.00e+00 1.00e+00 4.00e+00 1.00e+01 1.00e+00 0.00e+00 1.00e+03 1.00e+03
 5.12e+02 1.00e+04 5.00e+00 0.00e+00]","[2.000e+00 1.000e+01 4.000e+00 1.000e+01 1.000e+00 1.000e+00 1.000e+03
 1.000e+03 1.024e+03 1.000e+04 2.000e+00 2.900e+01]","[2.000e+00 1.000e+00 4.000e+00 1.000e+01 1.000e+00 1.000e+00 1.000e+03
 1.000e+03 1.024e+03 1.000e+04 2.000e+00 0.000e+00]","[2.00e+00 1.00e+00 4.00e+00 1.00e+01 1.00e+00 1.00e+00 1.00e+03 1.00e+03
 5.12e+02 1.00e+04 2.00e+00 0.00e+00]","[4.000e+00 1.000e+00 4.000e+00 1.000e+01 1.000e+01 1.000e+00 1.000e+03
 1.000e+01 1.024e+03 1.000e+02 2.000e+00 2.900e+01]","[4.00e+00 1.00e+00 2.00e+00 1.00e+01 1.00e+00 0.00e+00 1.00e+03 1.00e+03
 5.12e+02 1.00e+04 2.00e+00 2.90e+01]","[2.000e+00 1.000e+01 2.000e+00 1.000e+01 1.000e+00 1.000e+00 1.000e+03
 1.000e+03 1.024e+03 1.000e+04 2.000e+00 2.900e+01]","[2.000e+00 1.000e+01 2.000e+00 1.000e+01 1.000e+00 1.000e+00 1.000e+03
 1.000e+03 1.024e+03 1.000e+04 2.000e+00 2.900e+01]","[2.000e+00 1.000e+00 2.000e+00 1.000e+01 1.000e+00 0.000e+00 1.000e+03
 1.000e+03 1.024e+03 1.000e+04 2.000e+00 2.900e+01]",[   2.    1.    4.   10.    1.    1. 1000.   10.  512.  100.    5.    0.],"[2.00e+00 1.00e+00 2.00e+00 1.00e+01 1.00e+00 1.00e+00 1.00e+03 1.00e+03
 5.12e+02 1.00e+04 2.00e+00 2.90e+01]","[2.00e+00 1.00e+01 2.00e+00 1.00e+01 1.00e+01 0.00e+00 1.00e+03 1.00e+03
 5.12e+02 1.00e+04 2.00e+00 0.00e+00]","[2.000e+00 1.000e+01 2.000e+00 1.000e+01 1.000e+01 1.000e+00 1.000e+03
 1.000e+03 1.024e+03 1.000e+04 2.000e+00 0.000e+00]",[   2.   10.    2.   10.   10.    0. 1000.   10. 1024.  100.    2.    0.],"[4.000e+00 1.000e+01 2.000e+00 1.000e+01 1.000e+00 0.000e+00 1.000e+03
 1.000e+03 1.024e+03 1.000e+04 2.000e+00 2.900e+01]","[2.000e+00 1.000e+00 2.000e+00 1.000e+06 1.000e+00 1.000e+00 1.000e+03
 1.000e+01 1.024e+03 1.000e+02 2.000e+00 0.000e+00]",[   2.   10.    4.   10.    1.    1. 1000.   10.  512.  100.    2.   29.],"[2.000e+00 1.000e+01 4.000e+00 1.000e+01 1.000e+01 0.000e+00 1.000e+03
 1.000e+03 1.024e+03 1.000e+04 2.000e+00 0.000e+00]","[4.000e+00 1.000e+00 4.000e+00 1.000e+01 1.000e+00 1.000e+00 1.000e+03
 1.000e+01 1.024e+03 1.000e+02 5.000e+00 2.900e+01]","[2.000e+00 1.000e+00 2.000e+00 1.000e+01 1.000e+01 0.000e+00 1.000e+03
 1.000e+03 1.024e+03 1.000e+04 2.000e+00 0.000e+00]","[4.000e+00 1.000e+00 2.000e+00 1.000e+01 1.000e+00 1.000e+00 1.000e+03
 1.000e+01 1.024e+03 1.000e+02 2.000e+00 2.900e+01]","[2.000e+00 1.000e+01 4.000e+00 1.000e+01 1.000e+01 0.000e+00 1.000e+03
 1.000e+03 1.024e+03 1.000e+04 2.000e+00 0.000e+00]","[2.000e+00 1.000e+01 2.000e+00 1.000e+01 1.000e+01 0.000e+00 1.000e+03
 1.000e+03 1.024e+03 1.000e+04 2.000e+00 0.000e+00]","[2.000e+00 1.000e+01 2.000e+00 1.000e+01 1.000e+01 0.000e+00 1.000e+03
 1.000e+03 1.024e+03 1.000e+04 2.000e+00 2.900e+01]","[2.000e+00 1.000e+01 4.000e+00 1.000e+01 1.000e+00 0.000e+00 1.000e+03
 1.000e+03 1.024e+03 1.000e+04 2.000e+00 2.900e+01]","[2.000e+00 1.000e+01 4.000e+00 1.000e+01 1.000e+00 0.000e+00 1.000e+03
 1.000e+03 1.024e+03 1.000e+04 2.000e+00 0.000e+00]","[2.000e+00 1.000e+01 4.000e+00 1.000e+01 1.000e+00 1.000e+00 1.000e+03
 1.000e+01 1.024e+03 1.000e+02 2.000e+00 2.900e+01]","[2.000e+00 1.000e+01 4.000e+00 1.000e+01 1.000e+00 1.000e+00 1.000e+03
 1.000e+03 1.024e+03 1.000e+04 2.000e+00 0.000e+00]","[2.00e+00 1.00e+01 4.00e+00 1.00e+01 1.00e+00 1.00e+00 1.00e+03 1.00e+03
 5.12e+02 1.00e+04 2.00e+00 2.90e+01]","[2.000e+00 1.000e+01 4.000e+00 1.000e+01 1.000e+00 1.000e+00 1.000e+03
 1.000e+03 1.024e+03 1.000e+04 2.000e+00 2.900e+01]","[2.000e+00 1.000e+01 4.000e+00 1.000e+01 1.000e+00 0.000e+00 1.000e+03
 1.000e+03 1.024e+03 1.000e+04 2.000e+00 2.900e+01]","[2.000e+00 1.000e+01 4.000e+00 1.000e+01 1.000e+00 0.000e+00 1.000e+03
 1.000e+01 1.024e+03 1.000e+02 2.000e+00 0.000e+00]","[2.000e+00 1.000e+01 4.000e+00 1.000e+01 1.000e+00 0.000e+00 1.000e+03
 1.000e+03 1.024e+03 1.000e+04 2.000e+00 0.000e+00]","[2.000e+00 1.000e+01 4.000e+00 1.000e+01 1.000e+00 0.000e+00 1.000e+03
 1.000e+01 1.024e+03 1.000e+02 2.000e+00 2.900e+01]","[2.000e+00 1.000e+01 4.000e+00 1.000e+01 1.000e+00 1.000e+00 1.000e+03
 1.000e+03 1.024e+03 1.000e+04 2.000e+00 0.000e+00]","[2.000e+00 1.000e+00 2.000e+00 1.000e+01 1.000e+00 1.000e+00 1.000e+03
 1.000e+01 1.024e+03 1.000e+02 5.000e+00 0.000e+00]",[   2.   10.    4.   10.    1.    1. 1000.   10.  512.  100.    2.   29.],"[2.000e+00 1.000e+01 4.000e+00 1.000e+01 1.000e+00 1.000e+00 1.000e+03
 1.000e+01 1.024e+03 1.000e+02 2.000e+00 2.900e+01]",[   2.   10.    2.   10.   10.    0. 1000.   10. 1024.  100.    2.    0.],"[2.00e+00 1.00e+01 2.00e+00 1.00e+01 1.00e+01 0.00e+00 1.00e+03 1.00e+03
 5.12e+02 1.00e+04 2.00e+00 0.00e+00]",[   2.    1.    4.   10.   10.    1. 1000.   10.  512.  100.    2.    0.],"[2.000e+00 1.000e+01 4.000e+00 1.000e+01 1.000e+00 0.000e+00 1.000e+00
 1.000e+03 1.024e+03 1.000e+04 2.000e+00 2.900e+01]",[   2.   10.    4.   10.    1.    0. 1000.   10.  512.  100.    2.   29.],[   2.   10.    4.   10.    1.    1. 1000.   10.  512.  100.    2.    0.],"[2.000e+00 1.000e+01 4.000e+00 1.000e+01 1.000e+00 1.000e+00 1.000e+03
 1.000e+01 1.024e+03 1.000e+02 2.000e+00 0.000e+00]","[2.00e+00 1.00e+00 4.00e+00 1.00e+06 1.00e+00 0.00e+00 1.00e+03 1.00e+01
 5.12e+02 1.00e+02 2.00e+00 2.90e+01]","[2.000e+00 1.000e+00 2.000e+00 1.000e+01 1.000e+01 0.000e+00 1.000e+03
 1.000e+03 1.024e+03 1.000e+04 2.000e+00 0.000e+00]","[2.000e+00 1.000e+01 2.000e+00 1.000e+01 1.000e+00 0.000e+00 1.000e+03
 1.000e+03 1.024e+03 1.000e+04 2.000e+00 2.900e+01]",[   2.   10.    2.   10.   10.    1. 1000.   10.  512.  100.    2.    0.],"[2.00e+00 1.00e+01 4.00e+00 1.00e+01 1.00e+00 0.00e+00 1.00e+03 1.00e+03
 5.12e+02 1.00e+04 2.00e+00 0.00e+00]","[4.000e+00 1.000e+00 4.000e+00 1.000e+01 1.000e+00 0.000e+00 1.000e+03
 1.000e+03 1.024e+03 1.000e+04 2.000e+00 2.900e+01]",[   2.   10.    4.   10.    1.    0. 1000.   10.  512.  100.    2.   29.],"[2.000e+00 1.000e+01 4.000e+00 1.000e+01 1.000e+01 1.000e+00 1.000e+03
 1.000e+03 1.024e+03 1.000e+04 2.000e+00 0.000e+00]","[2.000e+00 1.000e+01 2.000e+00 1.000e+01 1.000e+01 1.000e+00 1.000e+03
 1.000e+03 1.024e+03 1.000e+04 2.000e+00 0.000e+00]","[2.00e+00 1.00e+00 4.00e+00 1.00e+01 1.00e+00 1.00e+00 1.00e+03 1.00e+03
 5.12e+02 1.00e+04 5.00e+00 0.00e+00]",[   2.   10.    4.   10.    1.    1. 1000.   10.  512.  100.    2.    0.],[   4.    1.    4.   10.    1.    0. 1000.   10.  512.  100.    2.    0.],"[2.00e+00 1.00e+01 2.00e+00 1.00e+01 1.00e+00 1.00e+00 1.00e+03 1.00e+03
 5.12e+02 1.00e+04 2.00e+00 2.90e+01]","[2.000e+00 1.000e+01 4.000e+00 1.000e+01 1.000e+00 1.000e+00 1.000e+03
 1.000e+01 1.024e+03 1.000e+02 2.000e+00 0.000e+00]","[2.000e+00 1.000e+01 4.000e+00 1.000e+01 1.000e+00 0.000e+00 1.000e+00
 1.000e+03 1.024e+03 1.000e+04 2.000e+00 2.900e+01]","[2.000e+00 1.000e+00 4.000e+00 1.000e+01 1.000e+01 1.000e+00 1.000e+03
 1.000e+03 1.024e+03 1.000e+04 2.000e+00 2.900e+01]","[2.000e+00 1.000e+01 4.000e+00 1.000e+01 1.000e+01 1.000e+00 1.000e+03
 1.000e+03 1.024e+03 1.000e+04 2.000e+00 2.900e+01]","[2.00e+00 1.00e+00 4.00e+00 1.00e+01 1.00e+01 1.00e+00 1.00e+03 1.00e+03
 5.12e+02 1.00e+04 2.00e+00 2.90e+01]","[2.00e+00 1.00e+01 2.00e+00 1.00e+06 1.00e+00 1.00e+00 1.00e+00 1.00e+01
 5.12e+02 1.00e+02 2.00e+00 0.00e+00]","[2.00e+00 1.00e+01 2.00e+00 1.00e+01 1.00e+00 0.00e+00 1.00e+03 1.00e+03
 5.12e+02 1.00e+04 5.00e+00 2.90e+01]","[2.00e+00 1.00e+01 4.00e+00 1.00e+01 1.00e+00 1.00e+00 1.00e+03 1.00e+03
 5.12e+02 1.00e+04 2.00e+00 0.00e+00]","[2.000e+00 1.000e+00 2.000e+00 1.000e+01 1.000e+00 1.000e+00 1.000e+03
 1.000e+03 1.024e+03 1.000e+04 2.000e+00 0.000e+00]","[2.00e+00 1.00e+01 4.00e+00 1.00e+01 1.00e+00 1.00e+00 1.00e+03 1.00e+03
 5.12e+02 1.00e+04 2.00e+00 0.00e+00]","[2.000e+00 1.000e+00 2.000e+00 1.000e+01 1.000e+00 0.000e+00 1.000e+03
 1.000e+03 1.024e+03 1.000e+04 2.000e+00 2.900e+01]","[2.000e+00 1.000e+01 4.000e+00 1.000e+01 1.000e+01 1.000e+00 1.000e+03
 1.000e+01 1.024e+03 1.000e+02 2.000e+00 2.900e+01]","[2.000e+00 1.000e+00 4.000e+00 1.000e+01 1.000e+01 1.000e+00 1.000e+03
 1.000e+01 1.024e+03 1.000e+02 2.000e+00 2.900e+01]","[2.000e+00 1.000e+01 2.000e+00 1.000e+01 1.000e+01 1.000e+00 1.000e+03
 1.000e+01 1.024e+03 1.000e+02 2.000e+00 0.000e+00]","[4.000e+00 1.000e+01 4.000e+00 1.000e+01 1.000e+01 1.000e+00 1.000e+03
 1.000e+01 1.024e+03 1.000e+02 2.000e+00 2.900e+01]",[   2.   10.    2.   10.   10.    0. 1000.   10. 1024.  100.    2.   29.],[   2.   10.    4.   10.   10.    0. 1000.   10. 1024.  100.    2.    0.],[   2.   10.    2.   10.   10.    0. 1000.   10. 1024.  100.    2.   29.],"[2.000e+00 1.000e+01 2.000e+00 1.000e+01 1.000e+01 1.000e+00 1.000e+03
 1.000e+01 1.024e+03 1.000e+02 2.000e+00 0.000e+00]","[2.000e+00 1.000e+00 2.000e+00 1.000e+01 1.000e+01 1.000e+00 1.000e+03
 1.000e+01 1.024e+03 1.000e+02 2.000e+00 2.900e+01]",[   2.   10.    4.   10.   10.    0. 1000.   10. 1024.  100.    2.    0.],[   2.    1.    4.   10.   10.    1. 1000.   10.  512.  100.    2.   29.],"[2.000e+00 1.000e+01 2.000e+00 1.000e+01 1.000e+01 1.000e+00 1.000e+03
 1.000e+03 1.024e+03 1.000e+04 2.000e+00 2.900e+01]","[2.000e+00 1.000e+01 2.000e+00 1.000e+01 1.000e+01 1.000e+00 1.000e+03
 1.000e+03 1.024e+03 1.000e+04 2.000e+00 2.900e+01]",[   2.    1.    4.   10.   10.    1. 1000.   10.  512.  100.    2.    0.],"[2.000e+00 1.000e+00 4.000e+00 1.000e+01 1.000e+01 1.000e+00 1.000e+03
 1.000e+01 1.024e+03 1.000e+02 2.000e+00 2.900e+01]","[2.000e+00 1.000e+00 4.000e+00 1.000e+01 1.000e+01 0.000e+00 1.000e+03
 1.000e+01 1.024e+03 1.000e+02 2.000e+00 2.900e+01]",[   2.   10.    2.   10.   10.    0. 1000.   10.  512.  100.    2.    0.],[   2.   10.    2.   10.   10.    0. 1000.   10.  512.  100.    2.    0.],[   2.   10.    4.   10.   10.    0. 1000.   10.  512.  100.    2.    0.],[   2.    1.    4.   10.   10.    0. 1000.   10.  512.  100.    2.    0.],"[2.00e+00 1.00e+00 4.00e+00 1.00e+01 1.00e+01 0.00e+00 1.00e+03 1.00e+03
 5.12e+02 1.00e+04 2.00e+00 0.00e+00]",[   2.    1.    2.   10.   10.    0. 1000.   10.  512.  100.    2.    0.],[   2.   10.    2.   10.   10.    0. 1000.   10.  512.  100.    2.   29.],[   2.   10.    4.   10.   10.    0. 1000.   10.  512.  100.    2.   29.],"[2.000e+00 1.000e+00 2.000e+00 1.000e+01 1.000e+01 0.000e+00 1.000e+03
 1.000e+01 1.024e+03 1.000e+02 2.000e+00 0.000e+00]",[   2.    1.    2.   10.   10.    0. 1000.   10.  512.  100.    2.   29.],[   4.   10.    2.   10.   10.    0. 1000.   10. 1024.  100.    2.    0.],[   2.    1.    2.   10.   10.    1. 1000.   10.  512.  100.    2.    0.],"[2.00e+00 1.00e+00 2.00e+00 1.00e+01 1.00e+01 0.00e+00 1.00e+03 1.00e+03
 5.12e+02 1.00e+04 2.00e+00 2.90e+01]",[   2.    1.    2.   10.   10.    0. 1000.   10.  512.  100.    2.    0.],"[2.00e+00 1.00e+00 4.00e+00 1.00e+01 1.00e+01 1.00e+00 1.00e+03 1.00e+03
 5.12e+02 1.00e+04 2.00e+00 0.00e+00]",[   2.    1.    2.   10.   10.    1. 1000.   10.  512.  100.    2.   29.],"[2.00e+00 1.00e+00 2.00e+00 1.00e+01 1.00e+01 0.00e+00 1.00e+03 1.00e+03
 5.12e+02 1.00e+04 2.00e+00 2.90e+01]","[2.00e+00 1.00e+00 2.00e+00 1.00e+01 1.00e+01 1.00e+00 1.00e+03 1.00e+03
 5.12e+02 1.00e+04 2.00e+00 0.00e+00]","[2.00e+00 1.00e+00 2.00e+00 1.00e+01 1.00e+01 0.00e+00 1.00e+03 1.00e+03
 5.12e+02 1.00e+04 2.00e+00 0.00e+00]",[   2.    1.    2.   10.   10.    0. 1000.   10.  512.  100.    2.   29.],[   2.    1.    2.   10.   10.    1. 1000.   10.  512.  100.    2.    0.],[   2.    1.    4.   10.   10.    0. 1000.   10.  512.  100.    2.   29.],"[2.00e+00 1.00e+00 4.00e+00 1.00e+01 1.00e+01 0.00e+00 1.00e+03 1.00e+03
 5.12e+02 1.00e+04 2.00e+00 2.90e+01]","[2.00e+00 1.00e+01 4.00e+00 1.00e+01 1.00e+01 0.00e+00 1.00e+03 1.00e+03
 5.12e+02 1.00e+04 2.00e+00 0.00e+00]","[2.00e+00 1.00e+00 4.00e+00 1.00e+01 1.00e+01 0.00e+00 1.00e+03 1.00e+03
 5.12e+02 1.00e+04 2.00e+00 2.90e+01]",[   2.   10.    2.   10.   10.    0. 1000.   10.  512.  100.    2.   29.],"[2.00e+00 1.00e+01 2.00e+00 1.00e+01 1.00e+01 0.00e+00 1.00e+03 1.00e+03
 5.12e+02 1.00e+04 2.00e+00 2.90e+01]","[2.00e+00 1.00e+01 2.00e+00 1.00e+01 1.00e+01 0.00e+00 1.00e+03 1.00e+03
 5.12e+02 1.00e+04 2.00e+00 2.90e+01]","[2.00e+00 1.00e+00 2.00e+00 1.00e+01 1.00e+01 1.00e+00 1.00e+03 1.00e+03
 5.12e+02 1.00e+04 2.00e+00 0.00e+00]","[2.00e+00 1.00e+00 2.00e+00 1.00e+01 1.00e+01 0.00e+00 1.00e+03 1.00e+03
 5.12e+02 1.00e+04 2.00e+00 0.00e+00]","[2.000e+00 1.000e+00 4.000e+00 1.000e+01 1.000e+01 0.000e+00 1.000e+03
 1.000e+01 1.024e+03 1.000e+02 2.000e+00 0.000e+00]","[2.00e+00 1.00e+00 4.00e+00 1.00e+01 1.00e+01 1.00e+00 1.00e+03 1.00e+03
 5.12e+02 1.00e+04 2.00e+00 0.00e+00]","[2.000e+00 1.000e+00 4.000e+00 1.000e+01 1.000e+01 0.000e+00 1.000e+03
 1.000e+01 1.024e+03 1.000e+02 2.000e+00 0.000e+00]","[2.000e+00 1.000e+00 4.000e+00 1.000e+01 1.000e+01 0.000e+00 1.000e+03
 1.000e+03 1.024e+03 1.000e+04 2.000e+00 0.000e+00]","[2.00e+00 1.00e+00 4.00e+00 1.00e+01 1.00e+01 0.00e+00 1.00e+03 1.00e+03
 5.12e+02 1.00e+04 2.00e+00 0.00e+00]","[4.000e+00 1.000e+01 2.000e+00 1.000e+01 1.000e+01 1.000e+00 1.000e+03
 1.000e+03 1.024e+03 1.000e+04 2.000e+00 0.000e+00]",[   2.   10.    2.   10.   10.    1. 1000.   10.  512.  100.    2.   29.],[   2.   10.    2.   10.   10.    1. 1000.   10.  512.  100.    2.   29.],[   2.   10.    4.   10.   10.    0. 1000.   10.  512.  100.    2.   29.],[   2.   10.    4.   10.   10.    0. 1000.   10.  512.  100.    2.    0.],[   2.    1.    4.   10.   10.    0. 1000.   10.  512.  100.    2.   29.],"[2.00e+00 1.00e+01 4.00e+00 1.00e+01 1.00e+01 1.00e+00 1.00e+03 1.00e+03
 5.12e+02 1.00e+04 2.00e+00 0.00e+00]",[   2.    1.    2.   10.   10.    1. 1000.   10.  512.  100.    2.   29.],"[2.00e+00 1.00e+01 4.00e+00 1.00e+01 1.00e+01 0.00e+00 1.00e+03 1.00e+03
 5.12e+02 1.00e+04 2.00e+00 2.90e+01]","[2.000e+00 1.000e+00 4.000e+00 1.000e+01 1.000e+01 1.000e+00 1.000e+00
 1.000e+01 1.024e+03 1.000e+02 2.000e+00 0.000e+00]","[2.00e+00 1.00e+01 4.00e+00 1.00e+01 1.00e+01 0.00e+00 1.00e+03 1.00e+03
 5.12e+02 1.00e+04 2.00e+00 0.00e+00]",[   4.   10.    2.   10.   10.    1. 1000.   10.  512.  100.    2.   29.],[   2.    1.    4.   10.   10.    0. 1000.   10.  512.  100.    2.    0.],[   2.   10.    4.   10.   10.    1. 1000.   10.  512.  100.    2.    0.],"[4.000e+00 1.000e+00 2.000e+00 1.000e+01 1.000e+01 1.000e+00 1.000e+03
 1.000e+01 1.024e+03 1.000e+02 2.000e+00 2.900e+01]","[2.000e+00 1.000e+01 2.000e+00 1.000e+06 1.000e+00 0.000e+00 1.000e+03
 1.000e+03 1.024e+03 1.000e+04 2.000e+00 0.000e+00]","[2.00e+00 1.00e+00 4.00e+00 1.00e+01 1.00e+01 1.00e+00 1.00e+03 1.00e+03
 5.12e+02 1.00e+04 5.00e+00 0.00e+00]",[   4.   10.    4.   10.   10.    0. 1000.   10.  512.  100.    2.    0.]
-0.00192961599688,-0.709227159515,-0.78613263829,-0.0149058410035,-6.67263118189e-05,-0.000228775926236,-0.148818740017,-0.181072060331,-0.0145504212609,-0.137058567999,-0.00385923199377,-0.00017702899054,-0.31464588074,-0.143550084906,-0.456319458346,-0.736812361526,-0.988717806257,-0.816817209397,-0.000303672806849,-0.0150379318656,-0.957563427445,-1.0,-0.980479149389,-0.987025136755,-0.370629256356,-0.987492220938,-0.976747922973,-0.752529812363,-0.838395681582,-0.732008067075,-1.0,-0.954793604623,-0.873877738332,-0.976747922973,-0.990031906071,-0.754700460139,-0.895412634151,-0.736542732756,-0.984953897566,-0.945086968896,-0.973091593438,-0.8307194322,-0.954793604623,-0.765556422544,-0.85383533308,-0.964704504571,-0.90477746775,-0.381060349183,-0.980479149389,-0.988717806257,-0.473295176777,-0.477584725394,-0.952981100113,-0.714781784534,-0.448968669954,-0.964704504571,-0.945086968896,-0.776984324764,-0.990031906071,-0.987025136755,-0.973091593438,-0.723991377326,-0.984953897566,-0.987492220938,-0.952981100113,-0.794361762827,-0.746230303823,-0.719697743425,-0.957563427445,-0.771711584369,-0.216100650513,-0.972996270135,-0.381060349183,-0.493398861295,-0.860604649326,-0.000664539595257,-0.0150787847096,-0.746853990574,-0.732397530854,-0.987305659617,-0.736542732756,-0.90477746775,-0.860604649326,-0.781407326004,-0.187852270669,-0.906264511271,-0.987305659617,-0.972996270135,-0.456970380326,-0.448968669954,-0.794947320258,-0.794947320258,-0.823841175037,-0.369689640944,-0.85383533308,-0.765875074727,-0.799272274673,-0.812023809037,-0.586281887347,-5.3108697162e-05,-0.89817156288,-0.752064089942,-0.250094301981,-0.758193378299,-0.469754596966,-0.752064089942,-0.8307194322,-0.781407326004,-0.944629417044,-0.919360571286,-0.857938320376,-0.875202732238,-0.894173431217,-0.906264511271,-0.944629417044,-0.878905361663,-0.919360571286,-0.873877738332,-0.875202732238,-0.291071066246,-0.89817156288,-0.857938320376,-0.812023809037,-0.765875074727,-0.781535331582,-0.0147723883798,-0.871975357565,-0.891786263367,-0.856094495352,-2.72352293138e-05,-0.758193378299,-0.808381097117,-0.746230303823,-0.895412634151,-0.719722255131,-0.871975357565,-0.762781152677,-0.799272274673,-0.380353594982,-0.891786263367,-0.727047170055,-0.793924637397,-0.856094495352,-0.0147723883798,-0.790622365843,-0.768632641695,-0.757221080612,-0.00251517342713,-0.288889524378,-0.896315482002,-0.86631315339,-0.896315482002,-0.823841175037,-0.739896751246,-0.794734885469,-0.778427791917,-0.399770951721,-0.743858115349,-0.742142295903,-0.743858115349,-0.778427791917,-0.767748858503,-0.742142295903,-0.795566921725,-0.739846366071,-0.739846366071,-0.781535331582,-0.794734885469,-0.754700460139,-0.813821334172,-0.813821334172,-0.719325982545,-0.476592001286,-0.455138811155,-0.435357864104,-0.803372538446,-0.763769791501,-0.776984324764,-0.731911382011,-0.534879477301,-0.732797888725,-0.773194542605,-0.435357864104,-0.794360401066,-0.754680033717,-0.773194542605,-0.778524476981,-0.420505131798,-0.731911382011,-0.732797888725,-0.763978141005,-0.780360131437,-0.77487223273,-0.780360131437,-0.803372538446,-0.727817927045,-0.727817927045,-0.778524476981,-0.420505131798,-0.786817604308,-0.794360401066,-0.786817604308,-0.765556422544,-0.455138811155,-0.511203892459,-0.74120131873,-0.74120131873,-0.763769791501,-0.719325982545,-0.763978141005,-0.75511035034,-0.754680033717,-0.74351495146,-0.150124669262,-0.77487223273,-0.52450013141,-0.476592001286,-0.731410253791,-0.517943249953,-0.000258734678481,-0.305572464094,-0.413272816654
148
